4532867513934472
4556874282390960
4539424139584001
4485621402503162
4485438512894104
4929444876516535
4916361614941046
4539915282107334
4929968850793587
4929141606977520
4024007162699234
4539497910167865
4539886561548367
4556025213669267
4024007132753947
4556698322535114
4532232520120609
4485044576498376
4539638180772617
4485102116210170
4929092455256351
4485444640381139
4716416702820015
4556196384175796
4929069468287029
4916649145249875
4792010793918767
4024007102760245
4539277845583463
4485242964519338
4929688632479772
4024007177976437
4485627295668780
4539345742859250
4438809525524227
4539051579822490
4485559804223296
4929209934562650
4532603234318475
4556086002225125
4024007143378213
4556355548026044
4556745850299355
4916168305303604
4539629204570301
4485860058725410
4929638567714891
4024007163777294
4539019480709957
4532873182666445
4485852377150073
4532447318612134
4485132675657149
4539431207636217
4556099742931431
4096566580121322
4532893811012530
4707862399010363
4532457789456085
4929309295244649
4532218995592224
4539605983154921
4929629160472276
4532611469349891
4556602681841014
4024007128803953
4929426874647438
4532262867908845
4539274476376911
4539937383359176
4539228236775770
4916585504338190
4916343522062289
4716417628606736
4556736817374365
4532650720049684
4716712390637970
4532936950594543
4539527355057856
4665773363042631
4916369444940427
4716581178938334
4485988953696467
4716897002886766
4532635705694208
4556395934131271
4556382034100349
4716256734353993
4556104188588354
4916402647532699
4532005251716658
4556278726933726
4716592081574769
4916521934162413
4024007111619713
4532719200696502
4024007131227182
4485987552326658
4556498162380469
4485238374442384
5110704973953659
5432537604103281
5293282179505978
5417803872881035
5535896314095492
5449888512224300
5451086276019397
5208560485253258
5399215667384095
5157780810007366
5492318060846649
5442058686838619
5179009679529508
5183377160106589
5507620198481071
5117313292593742
5405294568246366
5363649642642411
5376271648563544
5200102349498007
5444190792930184
5576975409589955
5584969811092005
5386417218768637
5131511625045452
5578024811292094
5261143803086082
5517766256154692
5231883602147208
5225084363527989
5149654810079231
5468815062704452
5436230295125781
5100326002353313
5231285390224639
5346305327491200
5400813710034514
5423159702059348
5197468774747803
5249888652245679
5565540095398641
5456724083442908
5204556066049994
5427709683482822
5222331325548402
5285957422485934
5442857611730951
5380885399137986
5534286821346144
5291704164053898
374939779793196
378702025004081
374166593708693
343765772795088
370902961393856
349576238923014
378122232259107
346641550302883
374478350258923
340772026682412
373789504106813
349811637281908
376352532731545
378115304605199
370660237937118
373416194946429
344212552853539
345166204552825
348520639793049
372068674137267
348682560309466
371023344219970
345211978324850
376035511239354
348628373833747
371014755150093
341231959222059
375238284613513
373218861268743
373017789704445
374129651085982
345348353875211
373461546558761
377706137979321
370362208054490
349719479781929
349062380789198
379203879782947
343120484081643
376187349689027
341053807418246
370191360922644
346316236065028
348757591520966
370028204539343
342599733014839
378998853796299
371575581820968
340486625408158
340176893004736
6223051649993541
6222029843981851
6226988380424847
6222021921532128
6214833001844045
6214833500559706
6222020271321496
6226984655902708
6226982268529330
6214830622478096
6222024469689037
6222027711760175
6214836787575444
6214837150845950
6222020594378132
6214835368760342
6214832962765827
6222028960260362
6214835498084050
6226989936084796
6222021163934602
6222029497627529
6223050228785088
6222023929351477
6214835931342032
6222022386575958
6214834844857780
6222023143116342
6223051359894764
6222029051080248
6226987076884256
6226980281056778
6223051051904143
6222028390740967
6214833684618310
6223052161918031
6226986844147210
6223053419028391
6222020531046248
6214831458714687
6223053976084399
6223053617326548
6226989401853626
6214835850543826
6223051328408993
6222027636475040
6222027827204282
6222029353987488
6214833703011554
6226985927260122
3005244014626678
3028186083189471
3012216417272475
3608064531759906
3855266659585738
3029912219267900
3007162851478334
3626483626751750
3622786849549197
3012791439389523
3037746607252300
3021493271911808
3643201817671507
3020938170542915
3016453707556046
3013270810609600
3834846441182682
3012867359680354
3026040661222521
3009678925057190
3007423467436151
3694714809452643
3620674712683503
3001130798330278
3009343531566668
3001526990493642
3006708004315434
3002503816132372
3028381311727578
3006316282778214
3025377265625563
3037381798638248
3029915935746925
3014846141337083
3838339992535207
3001194354781787
3891061723633242
3635536865781884
3032130517798873
3657835116109553
3873989498941253
3881051874703755
3036021347140152
3012989102587361
3005737060949597
3032412404261565
3020235721939702
3879007171712372
3651728547316929
3608437516543935
6011499575468937
6011914274763651
6011096805954767
6011041310552839
6011872276201932
6011717561342422
6011577539197328
6011832709347041
6011056043164389
6011230385081812
6011299698909613
6011327697890078
6011457024278000
6011847487988451
6011857872732000
6011803474483014
6011446993644219
6011626021715616
6011153007651715
6011439959533153
6011896546395265
6011104341458069
6011337535562722
6011207255042769
6011011236973088
6011381017464643
6011930101418822
6011824148883157
6011410561785887
6011365717711932
6011859533361351
6011706878113261
6011730607464324
6011102422150381
6011754495598811
6011468971384899
6011441268764222
6011437353645193
6011303201079193
6011959772138567
6011829730657968
6011690355957624
6011170382055619
6011747420657454
6011695656080984
6011626889557746
6011363517602542
6011445153991121
6011109668141214
6011798135142712
